   2.0000000e+00  -1.7118908e+00  -3.4163262e-01  -3.8433362e-01   7.5573055e-02   6.7432211e-03   6.4197972e-01  -5.9023664e-01   3.1494377e-01   9.6213925e-01  -1.2676256e+00
   2.0000000e+00  -8.2559270e-01  -2.9262072e-01   8.0932786e-01  -5.4605430e-02   1.3673716e+00   4.8597360e-01   3.3239114e-02  -2.1161091e+00  -6.0418208e-01  -9.0548000e-01
   2.0000000e+00   1.0593488e+00  -1.3239903e+00  -1.3949720e+00   1.8703227e+00  -1.8145216e+00   1.4778124e-01   1.9331765e+00  -2.3166471e-01   2.3750059e+00  -2.3902523e-02
   2.0000000e+00   1.7077786e+00  -1.4211610e+00   7.3641348e-01   1.4025971e+00  -9.1994149e-01  -1.0539406e+00  -4.9528858e-01  -7.5239412e-01   5.9460140e-01  -1.7918632e+00
   2.0000000e+00  -1.1514631e+00  -7.2487653e-01   2.1635121e+00   1.7722957e+00  -1.4019397e+00   8.0827662e-02   2.1339419e+00   7.4976579e-01   7.0998124e-01  -1.1729422e+00
   2.0000000e+00  -5.8739291e-01  -4.7936806e-01  -4.8021113e-02  -1.8803653e-01  -1.2061997e+00   5.0437265e-01   7.8035172e-01   6.3773967e-01   8.1772250e-01  -1.0371805e+00
   1.0000000e+00   4.0158729e-01   3.4017600e-02   6.5171809e-01  -2.0305027e-01  -3.8941536e-01   1.0796300e+00   1.9614230e+00   3.9944098e-01  -4.0307864e-01  -5.9521806e-01
   2.0000000e+00  -1.3421373e+00   1.6996060e-01   1.6314583e-01   1.8176690e-02  -4.5836137e-01   5.2440990e-01  -7.1094442e-01   5.8189498e-01  -4.3243976e-01  -1.3525765e+00
   2.0000000e+00   9.0991173e-01   4.4556764e-01   2.6772047e+00   1.5488190e-01  -8.6427079e-01   2.5511584e+00  -1.5189917e+00  -7.8375443e-01  -1.9312348e+00   9.5473053e-01
   1.0000000e+00  -4.2036827e-01   3.6516526e-02   5.9632744e-02   1.8881428e-01  -1.5234829e+00   3.6488707e-01  -1.4641060e-01  -3.1112708e-01   7.0905524e-01   3.3402418e-01
   2.0000000e+00  -8.5214660e-01   4.9276775e-01  -9.1638890e-01   9.5427398e-02  -6.4803920e-01  -7.3489601e-01  -2.4095324e-01  -5.2775439e-01  -2.5630206e+00  -2.5035747e-01
   2.0000000e+00   5.5305717e-01  -4.4016693e-01   6.4083416e-01  -7.6547132e-01   1.4786444e+00  -3.5439439e-02  -7.0680674e-01  -8.3034204e-01   1.0998264e+00  -2.6602950e+00
   2.0000000e+00  -6.7207483e-01   2.2022282e+00   1.1328197e+00   2.5652841e+00  -2.0298888e+00  -1.6621432e+00  -3.4820501e-01  -7.2770756e-01   1.5007365e-01   1.3108643e+00
   2.0000000e+00  -2.3154348e+00   5.0967470e-01  -1.1138025e+00   4.9035889e-01  -2.1534950e+00  -6.5641437e-01   1.6630820e-01   2.8776310e-02   9.5749277e-01   4.4787803e-01
   2.0000000e+00  -9.4352382e-01  -9.2588270e-02   1.6436756e+00   5.4062330e-01  -9.7123294e-01  -2.3184265e-01  -1.2820432e-01   2.4949363e+00  -1.2953588e+00   1.1745429e+00
   1.0000000e+00  -1.1514057e-01   1.0308304e-01   2.8820497e-01  -1.0863765e+00  -6.5365933e-01  -1.3286997e+00   1.3045876e+00   1.7477284e+00  -1.8791614e-02  -3.4613368e-04
   2.0000000e+00  -1.5257385e+00   8.9752423e-01   9.7009156e-02   7.6236278e-01  -6.8800259e-01  -1.7619545e+00   1.7975572e+00  -1.5028052e+00   6.5902879e-01  -1.6884302e+00
   2.0000000e+00   4.6892790e-01  -1.2145411e+00   4.7000643e-01   2.6044351e+00   9.8185398e-01   5.8017998e-01  -2.1681638e+00   1.2768267e+00  -5.4560731e-01  -3.5833203e-01
   2.0000000e+00   8.2225241e-01  -5.5170966e-01  -4.1486531e-01  -1.0580465e+00   3.6282122e-01  -1.8613411e+00  -2.3326326e-01  -8.0343848e-01   8.8881340e-01   4.1948309e-01
   2.0000000e+00  -4.4815462e-01  -6.0225117e-01   3.9545265e-01  -4.3457286e-01  -1.1814232e+00   8.2692868e-01  -1.0001238e+00  -3.3442819e-01  -3.7122672e-01  -4.8356987e-01
   2.0000000e+00   1.0893778e+00   1.5008499e+00   7.9665776e-01   4.0876411e-03   2.1376695e-01   7.3554984e-01  -6.8303534e-01   5.2302708e-01  -1.5113705e+00  -5.0253633e-01
   2.0000000e+00  -2.1323035e-01  -1.2908997e+00  -5.1952660e-01  -2.0247111e+00   1.0773467e-01  -8.1512358e-01   9.2347298e-01   3.1626398e-02   1.4118280e+00  -1.6517173e+00
   1.0000000e+00  -5.1839308e-01   2.7292207e-01   5.8085438e-01  -1.9427282e+00  -1.0657664e+00  -1.8747945e+00   4.3464426e-01   2.8853222e-01  -9.1608418e-01   1.0859019e+00
   2.0000000e+00   1.0011589e-02  -6.1667178e-02   1.8490614e+00  -4.9754653e-01  -2.1114725e-01  -1.4202877e+00  -1.0859251e+00   3.9988110e-01  -2.6749902e-01  -4.0300747e-01
   2.0000000e+00   1.1474043e+00  -1.0928811e+00  -1.2857385e+00   1.2963848e+00  -4.4794654e-01   4.6086849e-01  -3.7212225e-01  -1.3126434e+00  -8.3251710e-01   5.6609823e-01
   2.0000000e+00   5.0688033e-01  -5.2302127e-01  -1.4063656e+00   7.6562028e-01   6.3613663e-01   5.5783814e-01   1.2232433e+00   7.3123484e-01   3.5726533e-01   8.0446657e-01
   2.0000000e+00   4.5965576e-01   1.8889911e+00   5.5138570e-01  -4.6255201e-01   7.9384339e-01  -1.0860323e+00  -5.0803161e-01   9.1805066e-01  -7.1835787e-01   4.1755486e-01
   2.0000000e+00  -3.7123566e-02  -6.1054531e-01   8.1548538e-02   1.1603957e-01  -4.9642415e-01  -6.5411922e-01  -8.0889176e-01   1.8417764e+00  -1.0972642e-01  -3.3772608e-01
   2.0000000e+00   9.1016277e-01   6.0657291e-01  -3.2329589e-01   7.2979288e-01   1.3065181e-01   1.5379747e+00  -5.1686386e-01   5.5808556e-01  -2.9213570e-01   7.1648699e-01
   2.0000000e+00   7.7064751e-01   9.5665596e-01  -5.4221891e-01   1.6399505e+00   9.8894659e-01   1.0350526e+00   1.2468819e+00   4.5345619e-02  -5.9569532e-01  -1.3339609e-01
   2.0000000e+00   1.9086570e+00  -6.4966594e-01   1.0291955e-01  -2.1017059e+00   6.6114720e-01  -1.4602188e+00   8.2558609e-01   9.5057023e-01  -6.5022373e-01   7.3839368e-01
   2.0000000e+00   7.0754452e-01   6.8733681e-01   1.5304116e+00  -8.6759644e-01   2.4298914e-01  -2.5820059e-01   4.6883314e-01   9.0313305e-01  -5.0374923e-01  -2.8472785e-01
   2.0000000e+00   4.9447945e-01  -1.9376488e+00  -1.1517481e+00  -3.7419726e-01   6.3838162e-01  -1.3681887e-01   1.9956038e+00  -4.4173754e-01  -5.9730471e-01   9.4680910e-01
   2.0000000e+00  -8.3518347e-01   1.8621465e+00  -9.5015995e-01  -5.3027630e-01  -1.3278588e+00   8.5997041e-01   1.1399299e+00  -9.6820067e-02   2.6630633e+00  -1.0142408e+00
   2.0000000e+00   1.0972053e+00  -1.5618935e+00   2.5737805e+00  -1.7772183e+00   7.4277464e-01   3.4054633e+00  -2.3893197e+00  -1.7479645e+00   1.0251960e+00  -6.2646110e-01
   2.0000000e+00  -1.1542532e+00  -1.0284159e-01  -5.1144282e-01  -9.8161786e-01  -7.0557218e-01  -1.4662404e+00   5.3215816e-01   1.3373211e-01  -6.4455113e-01   1.6084117e+00
   2.0000000e+00   7.3296385e-01  -7.3529706e-02   3.7275788e-01  -1.2334576e+00  -9.2243659e-01   1.1099973e+00  -2.9761549e-01   3.5478448e-01   4.1313556e-01   1.8095839e-01
   2.0000000e+00  -8.2157189e-01   1.0038827e+00  -1.0955367e+00  -2.7126722e-01  -7.9845350e-01   1.0962525e+00   8.4881184e-03  -1.2704370e+00   1.4892942e-01   3.5624318e-02
   2.0000000e+00  -3.8736892e-01  -2.8746971e-01  -3.5073826e-01   1.1862243e+00   9.3299998e-01   8.0315288e-01   4.4695736e-01   1.0742265e+00   2.6448586e-01  -8.3275614e-01
   2.0000000e+00   3.7231395e-01  -9.6022348e-01  -2.0945343e-01  -1.8554999e+00   1.2394496e-01   3.2609105e-02  -4.0973502e-01  -3.8553432e-01   2.1382970e-01  -1.0791859e+00
   2.0000000e+00   4.9759061e-01   1.3935962e+00   2.5765170e-01   5.3973881e-01   2.0808816e+00  -7.1127968e-02   5.6375162e-02   1.9941525e+00  -1.0765597e+00  -1.3000239e+00
   2.0000000e+00   1.0133498e+00  -8.4403490e-01   4.9865919e-01   1.4286989e+00  -2.2146295e-01   9.4043489e-01  -1.2198255e-01   1.3476568e-01  -1.2489782e+00  -9.0272376e-01
   1.0000000e+00   1.9419675e-01   3.3357849e-02  -6.6766573e-01   4.4381246e-01  -5.7944839e-01   8.2681094e-01   1.1998190e+00  -9.3005673e-01  -6.7827696e-01  -2.8677494e+00
   2.0000000e+00   2.7403732e+00  -1.2728244e+00  -5.7005548e-01   7.9988789e-01   5.5028725e-01   3.6939228e-01  -8.3847097e-01   1.2410391e-01   4.6591004e-02  -2.0279686e-01
   2.0000000e+00   1.1258129e+00   7.0633490e-01  -1.7434427e-01  -7.2158941e-01  -1.4184302e+00  -2.8519894e-01  -3.1033270e-01  -7.0554883e-01   1.1916145e-01  -3.7697026e-01
   2.0000000e+00   1.0575633e+00  -1.6458394e+00  -1.2443273e+00  -2.5309080e+00   1.7012115e+00   6.3219298e-01   8.5966633e-01  -2.6038999e-01  -5.4135496e-01  -2.7679654e-01
   1.0000000e+00   1.8178066e-01   6.7683809e-01  -5.7003350e-01   5.7508639e-01  -4.6812179e-01  -5.2880542e-03  -4.5129527e-01  -8.3032542e-01   6.4837576e-01  -8.7327423e-01
   2.0000000e+00   7.4335029e-01  -7.0755970e-01   3.4944491e-01  -1.5326468e+00  -9.7518190e-01  -5.0461897e-01  -5.9838356e-01   2.5458942e-01  -1.5020051e+00  -1.8289046e+00
   2.0000000e+00   1.4614704e+00  -2.3452411e+00  -1.1055540e-01  -6.9592166e-01   1.3943615e+00  -6.6229657e-01   7.5953574e-01   5.5015051e-01  -1.8666989e+00  -4.3662895e-01
   1.0000000e+00  -5.6404873e-01   1.5823012e-01  -1.3002353e+00   8.5840906e-01   1.5036518e+00   1.5910178e+00   1.4215642e+00   2.4480996e-01   3.1768308e-01   8.1624541e-01
   2.0000000e+00  -1.5236693e-01  -5.2768867e-01   6.6199902e-01   1.1209166e+00  -9.7540293e-01   3.7854182e-01   2.0786090e-01  -8.1601122e-01  -3.3513989e-01   1.4417690e+00
   1.0000000e+00   1.1547245e-01   2.6199735e-01   1.0665679e+00   6.6428182e-01   1.3291802e+00   1.8612303e+00   1.0222932e+00  -1.0256939e+00   3.2750414e-01  -8.9828695e-01
   2.0000000e+00  -4.7141969e-01  -1.1108650e+00  -1.6969349e-01  -1.8360762e+00   4.4886832e-01   1.6422666e+00  -6.8737404e-01   3.9237050e-01  -1.8702449e-01   7.9939764e-02
   1.0000000e+00   2.9442698e-01   8.0028498e-01   7.6316321e-01   1.8409577e+00  -4.5425491e-01  -4.8651427e-01  -5.2670586e-01   1.3369008e+00   4.1318985e-01   2.1459419e+00
   2.0000000e+00   1.5282763e-01  -1.8349089e+00   4.3025321e-01  -7.9121035e-01   3.3924579e-01   3.2576929e-02  -8.7449047e-01   1.8905257e-01   5.8028898e-01   1.1750465e-01
   2.0000000e+00  -3.6411804e-01   2.2340777e+00  -4.5024880e-01   1.0499390e-01  -1.3044861e+00  -8.5079415e-01  -1.8154381e-01   1.8609572e+00   2.3104492e-01  -1.3291187e-02
   2.0000000e+00   7.5195684e-02  -9.5415228e-01   9.2257368e-01  -2.2795882e+00   2.0343724e+00   7.0855669e-01  -5.5746628e-01  -2.4986142e+00   5.6672483e-02   2.2421601e+00
   2.0000000e+00   1.0150700e+00   1.0430798e+00  -2.6741662e-01  -1.5618620e-01  -7.8120576e-01   1.4485203e+00  -8.1977201e-01  -4.8782756e-01   7.7191614e-01   1.2218359e+00
   2.0000000e+00  -1.3942373e+00   3.0137413e-01  -1.4939982e+00   1.6596551e-01  -1.9378182e-01   5.8445881e-01  -2.3712032e+00  -6.4461192e-01   1.1518068e+00   1.3145528e+00
   2.0000000e+00   1.0585118e+00   4.3066968e-01   1.4924159e+00   1.0792957e+00  -6.0409586e-01  -1.4525264e+00  -1.0039962e+00   2.3797449e+00  -9.9576673e-01  -7.6962361e-01
   2.0000000e+00  -5.5233279e-01  -4.2688107e-01   2.4542017e-01  -1.6862555e+00  -1.0320800e+00   4.1650581e-01  -9.0748914e-01  -2.9590519e-01   1.3701114e+00  -1.1808358e+00
   1.0000000e+00   5.8427220e-01   2.2588550e-01  -8.7087253e-01  -6.7304288e-01  -2.3249135e-02   3.7354212e-01   3.4652837e-01  -4.1369881e-01  -4.5192531e-01   6.6939830e-01
   1.0000000e+00   8.9381163e-01   5.4570907e-02  -4.8529396e-01   5.5030919e-01  -9.9121082e-01   2.9470595e-02  -1.4017541e+00  -7.8799747e-01  -2.0646535e+00  -3.7383217e-01
   2.0000000e+00  -7.5102017e-01   5.6754992e-01   1.2462627e+00   1.0718454e+00   5.4547520e-01   2.2225086e+00  -4.9866800e-01  -1.3814175e-01   1.6828027e+00  -3.7878729e-01
   1.0000000e+00   4.7351362e-01   4.9215859e-01   1.6305612e+00   6.3715567e-01   1.7688516e+00  -1.9881953e+00   5.9326564e-02   8.1674949e-01  -2.0944479e+00   3.2263957e+00
   2.0000000e+00  -6.3389858e-01  -6.6071922e-01  -5.6425237e-01  -3.9809325e-01  -9.6203674e-01  -6.0460816e-01  -8.1132167e-01   6.5137262e-02   1.3252915e+00  -3.7523299e-01
   2.0000000e+00   8.6819145e-01  -1.1213953e+00   2.1935933e-01  -6.6723953e-01  -1.9553768e+00   2.0718587e-02   1.2430349e-01  -7.4441346e-01   6.7736469e-02  -2.9022781e-01
   2.0000000e+00  -1.2830034e+00   5.2262203e-01  -5.5726543e-01  -9.1215241e-01  -7.1360856e-01  -8.1067777e-01   3.3075031e-01  -6.9652909e-01  -7.2186996e-02   2.7165005e-01
   2.0000000e+00   1.0511576e+00   3.0690998e-02  -1.5511858e-01   1.9714801e+00   5.1195637e-01  -2.3594841e+00  -2.5081079e-01   1.7720164e+00  -6.2487732e-01  -7.8803845e-01
   2.0000000e+00  -1.2520160e+00  -1.3627764e-01  -5.1606456e-01  -7.6501329e-01   1.3709536e-01   5.9702274e-02  -1.5173526e+00  -9.8623675e-01   8.5030182e-01   7.9424520e-01
   2.0000000e+00   7.9236811e-01  -2.9137947e-01   6.5212372e-02  -1.3266816e+00  -1.9304876e+00  -9.8552367e-01   2.1076433e+00   2.4170580e-02  -1.0223233e+00  -1.0103688e+00
   2.0000000e+00   1.9414059e+00  -4.7639578e-01  -3.7509641e-01  -2.2744432e-01  -6.0406289e-01  -5.6001933e-02  -5.3896274e-01   1.0389649e+00   7.0379730e-01   2.0766673e+00
   2.0000000e+00  -7.1512516e-01   7.5514400e-01   2.8263222e-02   1.8749133e-01  -5.7977864e-01   9.7627494e-01  -7.8960040e-01  -5.2258669e-01   3.8880105e-01  -1.6917012e+00
   2.0000000e+00   1.5080847e+00  -1.9389321e-01   1.2533730e-01   1.5311318e+00  -3.0012190e-02  -1.2719446e+00   4.3107006e-01  -2.4257970e-01   8.3966157e-01   3.9450028e-01
   1.0000000e+00   1.8062125e-01   7.6256491e-01  -5.9555704e-01  -3.2223517e-01  -2.8224774e-01  -2.7463933e-01  -4.4860029e-01  -8.8822177e-01  -8.4058026e-01  -4.5058526e-01
   2.0000000e+00   2.5630673e-01  -6.2198667e-01   4.6373750e-01   6.9375707e-01  -7.0413397e-01   1.2021348e+00   8.3118008e-01   1.8000140e+00  -1.9292377e+00   1.6426260e+00
   2.0000000e+00  -8.9839971e-01   6.4705040e-01  -1.1876216e+00  -3.4381685e-01  -1.0485000e-01  -1.2745665e+00   1.6662573e-01   1.6287766e+00  -3.0833093e-01   1.1507445e+00
   2.0000000e+00  -5.8759214e-01  -3.3709095e-01   1.7054947e+00   3.5181972e-01   1.0970730e+00  -1.3224433e+00  -6.7781420e-01   1.3016034e+00  -9.2221872e-01  -1.7283532e-01
   2.0000000e+00   1.0783267e+00   1.0593430e+00   1.1101572e+00  -2.2135368e-01   9.3595357e-01   6.7484120e-01   4.7329065e-01  -1.1712823e+00   5.5951356e-01  -2.7721742e-01
   2.0000000e+00   1.8748997e+00   1.2965860e+00  -4.6001539e-01   8.5422696e-01  -1.3192752e+00  -8.6513537e-01   1.5013716e+00  -1.1421870e+00   5.4364212e-01  -2.3888013e+00
   2.0000000e+00  -6.8531597e-02  -1.3595824e+00  -7.8256031e-01  -4.7627454e-01  -1.1516646e+00   1.3596888e-01  -1.7747603e-01   1.1606992e+00  -8.3967504e-01   2.6255790e+00
   2.0000000e+00  -1.3765036e+00  -3.8640084e-02   8.6121797e-01   1.8932006e+00   3.7849002e-01   2.1137621e+00   1.4153169e+00   4.0892936e-01  -1.0814865e+00  -1.8363885e-02
   2.0000000e+00  -1.1349710e+00   6.5876866e-01  -2.0936168e-01  -1.6865221e+00   5.7973285e-01  -1.3501744e+00   2.6843541e-02  -1.0993903e+00  -2.6976199e-01  -1.4739500e-02
   2.0000000e+00   8.9754690e-01   1.0594139e+00   2.8574632e-01   3.7332835e-01  -7.3564327e-01   1.0747240e+00   1.4690137e+00  -1.6402126e-01  -8.0740418e-01  -2.4269209e+00
   1.0000000e+00   8.0972261e-01   2.6819829e-01   2.0856185e+00  -9.9769078e-01   9.5619862e-01   8.1178071e-01   2.2439570e-02   3.3185912e-01   7.3933254e-01   4.1167770e-01
   2.0000000e+00  -6.2442349e-02  -5.9034648e-02   6.9084048e-01  -1.4031783e+00  -1.1201086e+00   1.9756118e+00  -5.6423858e-02  -3.8173571e-01   3.1659556e-01   8.5994086e-01
   1.0000000e+00   1.8616916e-02   5.4798807e-01  -4.0201006e-02  -4.1713479e-01   7.7879437e-01  -1.7291078e+00   4.5052599e-01  -9.9795094e-01   4.2916571e-01  -8.2855096e-01
   2.0000000e+00   4.7960339e-01  -1.8948817e+00   7.3646452e-01   1.3773718e+00  -1.6048920e+00  -4.0778604e-01   6.6360476e-01  -9.9837823e-01   1.2427436e+00   1.0431938e+00
   2.0000000e+00  -2.2257579e-01  -5.7444969e-01   3.3203858e-02  -6.0196318e-01   6.0827495e-01  -1.0750223e+00  -1.6906685e+00   4.3530892e-01   5.7710360e-02   9.7936905e-01
   2.0000000e+00  -1.7957111e+00   3.2075294e-01   1.4103834e+00  -8.0932749e-01   1.4253621e+00  -6.9460645e-01   1.3626330e+00  -2.3079224e-01   2.6390594e-01   4.0609974e-01
   2.0000000e+00   6.4696681e-01  -5.6746007e-01   4.3115023e-01   2.5134578e-01   8.0748753e-01   1.0431588e+00  -1.5339596e+00   1.5227621e+00  -7.0601839e-02   3.6505950e-01
   2.0000000e+00   1.4120295e+00  -3.6668702e-01  -1.3922226e-01  -3.3148550e-02  -5.4496992e-01  -7.8133300e-01   6.4783356e-01  -1.1421670e+00  -1.0468403e-01   8.5385087e-01
   2.0000000e+00  -1.9769883e+00  -1.0805860e+00   9.1330492e-01   2.4105058e+00  -4.1073599e-01   1.8229134e+00  -5.9566199e-01  -1.1187185e+00   1.0980228e+00  -7.7781650e-01
   2.0000000e+00   2.5840893e+00  -2.1424783e-01  -5.9321444e-01  -3.6493810e-01  -3.9227574e-01   1.8685262e-01   2.2906045e-01   1.3559894e+00  -2.3478320e+00  -1.3109847e+00
   2.0000000e+00  -5.6588835e-01  -1.0356893e-01   1.2337667e+00  -2.5474929e+00  -1.5115750e+00  -8.0626517e-01  -1.2504871e+00   1.3372901e-01  -2.5402777e+00  -1.4083562e+00
   2.0000000e+00  -1.3578688e+00  -5.5018772e-01  -1.6602269e-01  -4.5103646e-02   6.2134048e-01  -9.7935322e-02   4.1578052e-02   1.3217852e+00  -5.4546153e-01   5.2105593e-01
   2.0000000e+00   3.8406552e-01  -8.5276636e-01   1.8689948e+00   3.1321513e-01  -5.6737046e-01   7.7945388e-01  -7.5894250e-01  -5.2233227e-01   4.4809304e-01   9.3808471e-01
   2.0000000e+00  -9.7295723e-01   7.9767531e-01  -6.6210814e-01   1.9908092e+00  -1.3890691e+00   4.5906635e-01  -1.0092267e+00  -4.8513923e-01   1.1368329e+00  -2.6059749e-02
   2.0000000e+00  -5.5405062e-01  -7.9891700e-01  -1.6891880e+00   4.8410950e-01   1.5192577e-01   1.9700282e+00  -1.7066077e-01  -3.6288234e-01   1.4762362e-01  -9.1857377e-01
   2.0000000e+00  -7.0936672e-01   1.5383225e+00   1.4200865e+00  -5.3359125e-01  -1.8127587e+00  -7.7111897e-01  -3.7734626e-01   1.8431999e+00  -4.4835811e-01  -2.5881886e-01
